-0.20138848360300854
-0.15926608860070854
-0.14729081888406792
-0.07354721765410073
-0.3861063904736691
-0.24909378989092815
-0.41253174704514733
-0.14179799863292394
-0.19337137311074346
-0.2087105332574632
-0.13548959471333397
-0.32797761789735147
-0.3736512413966499
-0.3843986167634637
-0.07669475970717102
-0.1042568431514631
-0.5187787515726905
-0.07453834654288667
-0.04869219228929046
-0.16536379899012335
-0.02397711109413399
-0.31520529509617634
-0.34985471945162117
-0.2236475929885066
-0.3279130890187336
-0.14357920602407268
-0.39923876790666846
-0.33653652787750116
-0.3891588994310467
-0.4623007519545933
-0.2430298021374876
-0.16390249630131185
-0.16552210828848826
-0.2749860784185989
-0.03939430045578195
-0.0889896773218791
-0.2766285084524246
-0.1248740182906501
-0.08407390476603023
-0.3453500136132689
-0.05821765435193181
-0.34057912281066244
-0.24991432044335243
-0.3357180453389892
-0.3585240987546328
-0.36798392549121994
-0.23320430259286345
-0.34910526796257996
-0.29692960199586405
-0.2013160491521383