0.6129065420484087
0.6541983050920904
0.6424928532262931
0.5414726941645528
0.6063225997249244
0.7906170054110686
0.6150765080530125
0.7154670944588649
0.671301181630022
0.8142192541671498
0.6934498333672751
0.5603353952460136
0.673949931777478
0.5510829473982979
0.6188984526416131
0.6968149323437328
0.5271013551943615
0.5413566913485739
0.8032280656205197
0.6527594773607629
0.46445230051447073
0.5834361485330962
0.6295322119781616
0.43610176923497695
0.6341217281393543
0.6052073406753233
0.6001949119261387
0.6026075851690602
0.582353229006209
0.5978159146435931
0.5900606910572835
0.5368767149419722
0.7494093612748982
0.6270591604393861
0.5109706867363432
0.6085769045597513
0.558138905054184
0.6399120707318593
0.6438787750270081
0.5836747621838682
0.7345202878702439
0.5377849405028531
0.6714410039652979
0.7051753015063406
0.5898123596933454
0.6321991081254178
0.6632714682676086
0.6792357581581472
0.6571340793306866
0.6472170438512519