0.18105084081819509
0.2824035492938996
0.20238140100627314
0.11390719440602433
-0.04038604636500498
0.22285975198622707
0.07792936588194514
0.16628217254770344
0.006719307228214961
0.2941687723725604
0.20241162769280402
0.3260010698424994
0.22016824574799504
0.10302495081635613
0.26339233570590337
0.15777478048863106
0.08755621158707765
-0.0076992614303357815
0.18776524517075555
0.23994982249247598
0.09222182676488228
0.30242995691711055
0.3272577840898947
0.19417237688616404
0.18193319703131947
0.3406800545827139
0.2498669497612128
0.24275133650779315
0.0012468709614784346
0.1293464879181675
0.27650239800672854
0.24965903019878277
0.3004139481190565
0.16197932142172808
0.07029254354970618
0.1690651587459769
0.16943209015942987
0.1846712238852188
0.39453568863097577
0.11040699737571442
0.36159850534703264
0.19878520592456309
0.05078685804116806
0.164446888407467
0.2815205242915942
0.13161454171312847
-0.06736282907116943
-0.16057570913767202
0.07447294102688502
0.09039934873388555